{
  "nbformat": 4,
  "nbformat_minor": 0,
  "metadata": {
    "colab": {
      "name": "fermions_v3.ipynb",
      "provenance": [],
      "collapsed_sections": [],
      "authorship_tag": "ABX9TyMERFd0d/nu19jsQLfOUwnV",
      "include_colab_link": true
    },
    "kernelspec": {
      "display_name": "Python 3",
      "name": "python3"
    }
  },
  "cells": [
    {
      "cell_type": "markdown",
      "metadata": {
        "id": "view-in-github",
        "colab_type": "text"
      },
      "source": [
        "<a href=\"https://colab.research.google.com/github/on-kulyashov/RQC-projects/blob/main/fermions_v3.ipynb\" target=\"_parent\"><img src=\"https://colab.research.google.com/assets/colab-badge.svg\" alt=\"Open In Colab\"/></a>"
      ]
    },
    {
      "cell_type": "code",
      "metadata": {
        "colab": {
          "base_uri": "https://localhost:8080/",
          "height": 1000
        },
        "id": "g0SQfB7l1aAc",
        "outputId": "ad6a5660-c3a1-4124-a449-312937eeb1ba"
      },
      "source": [
        "import numpy as np\n",
        "from scipy.linalg import *\n",
        "import matplotlib.pyplot as plt\n",
        "from scipy.optimize import curve_fit\n",
        "from scipy.linalg import expm, sinm, cosm\n",
        "from scipy.integrate import quad\n",
        "from sklearn.preprocessing import normalize\n",
        " \n",
        "# np.set_printoptions(precision=2)\n",
        " \n",
        " \n",
        "# with open('test_fermi') as f:\n",
        "#     h = list(map(float, (f.readline()).split(\" \")))\n",
        "#     j = list(map(float, (f.readline()).split(\" \")))\n",
        "#     T = float(f.readline())\n",
        "# n = len(h)\n",
        " \n",
        "n = 2\n",
        "\n",
        "# hmax = 0.5\n",
        "# T1, T2 = 0.5, 2  # 0.001, 0.033\n",
        "# seed = 53\n",
        "# np.random.seed(seed)\n",
        "# j = np.random.uniform(size=(n-1))\n",
        "# h = np.random.uniform(0, hmax, size=n)\n",
        "# T = np.random.uniform(T1,T2)\n",
        "# with open('test_fermi', \"w\") as f: # for first compilation change w to x\n",
        "#     f.write(str(h) + \" \\n \" + str(j) + \" \\n \" + str(T))\n",
        " \n",
        " \n",
        "# long-distance limit\n",
        "# g = hmax # g = 1 - critical, g must be close to one \n",
        "# a = 0.01 # goes to zero\n",
        "# J = 3 # goes to infinity\n",
        "# c = 2 * J * a\n",
        "# delta = 2 * J * (1 - g)\n",
        "# z = J**(-0.25)\n",
        "time = np.arange(0,10,0.05)\n",
        "T = 0\n",
        "j1 = -3 * np.full(n, 1)\n",
        "j2 = -3 * np.full(n, 1)\n",
        "h1 = -2 * np.full(n, 1)\n",
        "h2 = -2 * np.full(n, 1)\n",
        " \n",
        "def f_i(s):\n",
        "    def integrand(y):\n",
        "        return np.log(np.tanh((y**2 + s**2)**(0.5) / 2))\n",
        "    return abs(s) * np.heaviside(s, 0.5) - (1 / np.pi) * quad(integrand, 0, float('inf'))[0]\n",
        " \n",
        " \n",
        "def g_i(s):\n",
        "    def integrand(y):\n",
        "        def integrand_f(w):\n",
        "            return y / (np.sinh(np.sqrt(y**2 + w**2))*np.sqrt(y**2 + w**2))\n",
        "        a = 0\n",
        "        if y <= 0:\n",
        "            a = -1\n",
        "        return (a  + (1 / np.pi) * quad(integrand_f, 0, float('inf'))[0])**2 / y\n",
        "    return np.exp(quad(integrand, s, float('inf'))[0]) + np.log(s) / 4\n",
        " \n",
        " \n",
        "def sigma_z_ld(x):\n",
        "    return z * T**(0.25) * g_i(delta / T) * np.exp(-T*abs(x)*f_i(delta / T) / c)\n",
        " \n",
        " \n",
        "# ising limit\n",
        " \n",
        "def ising_correl(x):\n",
        "    # for periodic border\n",
        "    # lmin = 2 * np.sinh(J / T)\n",
        "    # lpls = 2 * np.cosh(J / T)\n",
        "    # z = lmin**n + lpls**n\n",
        "    # return ((lmin**x) * (lpls**(n-x)) + (lpls**x) * (lmin**(n-x))) / z\n",
        "    return np.tanh(J / T)**x\n",
        " \n",
        " \n",
        "# direct solution\n",
        "pauli = np.array([ [[0,1],[1,0]], [[0,-1j],[1j,0]], [[1,0],[0,-1]] ])\n",
        "dbl_pauli = np.array([np.kron(a,a) for a in pauli])\n",
        " \n",
        "# hamiltonian construction\n",
        "def Hamiltonian(h, j):\n",
        "    H = np.zeros(2**n)\n",
        "    for i in range(n-1):\n",
        "        H = H + j[i]*np.kron(np.kron(np.eye(2**i), dbl_pauli[2]), np.eye(2**(n-2-i)))\n",
        "    for i in range(n):\n",
        "        H = H + h[i]*np.kron(np.kron(np.eye(2**i), pauli[0]), np.eye(2**(n-1-i)))\n",
        "    print(\"H = {}\".format(-np.real_if_close(H)))\n",
        "    print(\"Eigenvec = \\n{}\".format(np.linalg.eigh(-np.real_if_close(H))[1]))\n",
        "    return -np.real_if_close(H)\n",
        "\n",
        "\n",
        "def direct_evolution(state, dt):\n",
        "    # print(\"projection+ = {}\".format(np.sqrt(np.real_if_close(np.matmul(np.array([[0.5,0.5,0.5,0.5]]), np.matmul(state, np.transpose(np.array([[0.5,0.5,0.5,0.5]]))))))))\n",
        "    u = expm(-dt*1j*Hamiltonian(h2, j2))\n",
        "    uH = np.conj(np.transpose(u))\n",
        "    return np.matmul(u, np.matmul(state, uH))\n",
        "\n",
        "def integrate(f, sol0, time):\n",
        "    sol = [sol0]\n",
        "    for i in range(1, len(time)):\n",
        "        sol.append(f(sol[-1], (time[i] - time[i-1])))\n",
        "    return sol\n",
        "\n",
        "def magn_total_direct(state, direction):\n",
        "    magn = np.zeros(2**n)\n",
        "    for i in range(n):\n",
        "        magn = magn + np.kron(np.kron(np.eye(2**i), pauli[direction]), np.eye(2**(n-1-i)))\n",
        "    # print(\"magn = {}\".format(magn))\n",
        "    return np.trace(np.matmul(state, magn))\n",
        "\n",
        "def magn_site_direct(state, direction, i):\n",
        "    magn = np.kron(np.kron(np.eye(2**i), pauli[direction]), np.eye(2**(n-1-i)))\n",
        "    # print(\"state = \\n{}\".format(state))\n",
        "    # print(\"magn = \\n{}\".format(magn))\n",
        "    return np.trace(np.matmul(state, magn))\n",
        "\n",
        "def initial_state_direct(temperature, hamilt):\n",
        "    if temperature:\n",
        "        dens_direct = expm(-hamilt / temperature)\n",
        "        dens_direct = dens_direct / np.trace(dens_direct)\n",
        "        return dens_direct\n",
        "    else:\n",
        "        # print(\"init hamilt = \\n {}\".format(hamilt))\n",
        "        E, V = np.linalg.eigh(hamilt)\n",
        "        E = np.real_if_close(E)\n",
        "        V = np.real_if_close(V)\n",
        "        idx = np.argsort(E)\n",
        "        E = E[idx]\n",
        "        # print(\"energies = {}\".format(E))\n",
        "        V = V[:,idx]\n",
        "        # print(\"initial vector = {}\".format(V[:,0]))\n",
        "        return np.tensordot(V[:,0], np.transpose(V[:,0]), axes=0)\n",
        "\n",
        "\n",
        "# initial_state_direct(hamilt, T)\n",
        "# correlator construction\n",
        "def sigma_z(i, j):\n",
        "    if i - j:\n",
        "        return np.real(np.kron(np.kron(np.kron(np.kron(np.eye(2**i), pauli[2]), np.eye(2**(j-i-1))), pauli[2]), np.eye(2**(n-j-1))))\n",
        "    return np.real(np.kron(np.kron(np.eye(2**i), np.matmul(pauli[2], pauli[2])), np.eye(2**(n-i-1))))\n",
        " \n",
        "def s_direct(i0, j0, dens_direct):\n",
        "    i = min(i0, j0)\n",
        "    j = max(i0, j0)\n",
        "    # print(\"correl  = \\n{}\".format(sigma_z(i,j)))\n",
        "    # thermal state\n",
        "    return np.trace(np.matmul(dens_direct, sigma_z(i,j)))\n",
        "    # ground state\n",
        "    # return (np.matmul(np.transpose(V[:,0]), np.matmul(sigma_z(i,j), V[:,0])))\n",
        "\n",
        "# Young's solution\n",
        " \n",
        "def hamiltonian(h, j):\n",
        "    print(\"size = {}\".format(n))\n",
        "    mid = np.zeros((n, n))\n",
        "    up = np.zeros((n, n))\n",
        "    dn = np.zeros((n, n))\n",
        "    for i in range(n):\n",
        "        mid[i][i] = float(h[i])\n",
        "    for i in range(n-1):\n",
        "        up[i][i+1] = float(j[i]) / 2 # divided by two\n",
        "        dn[i+1][i] = float(j[i]) / 2 # divided by two\n",
        "    a = (mid - up - dn)\n",
        "    b = -(up - dn)\n",
        "    return np.block([[a, b], [-b, -a]])\n",
        "\n",
        "def occup_num(old_oc_num, old2new, newEnergies, time):\n",
        "    # old_oc_num = (nu1, nu2, ..., (1 - nu1), (1 - nu2), ...)\n",
        "    # newEnergies = (e1, e2, ..., -e1, -e2, ...)\n",
        "    # old2new = (2n) x (2n) transitoin matrix: newGammaNambu = old2new * oldGammaNambu \n",
        "    evol = np.diag(np.exp(-1j*time*newEnergies))\n",
        "    a = np.matmul(old2new, np.matmul(evol, np.transpose(old2new)))\n",
        "    a = np.abs(a)**2\n",
        "    oc_num = np.matmul(a, old_oc_num)\n",
        "    return oc_num\n",
        "\n",
        "def old2new(oldU, newU):\n",
        "    return np.transpose(np.transpose(newU), oldU)\n",
        "\n",
        "e, u = np.linalg.eigh(hamiltonian(h, j))\n",
        "idx = np.argsort(e)[::-1]\n",
        "e = e[idx]\n",
        "e = np.concatenate((e[:n], e[-1:n-1:-1]))\n",
        "u = u[:,idx]\n",
        "u = np.concatenate((u[:,:n], u[:,-1:n-1:-1]), axis=1)\n",
        "u1 = u[:,:n]\n",
        "phi = np.transpose(u1[:n,:] + u1[n:,:])\n",
        "psi = np.transpose(u1[:n,:] - u1[n:,:])\n",
        "\n",
        "def oc_num_0(T, e):\n",
        "    if T:\n",
        "        nums = (1 / (1 + np.exp(2 * e[:n] / T)))\n",
        "        return oc_num_0 = np.concatenate((nums, 1 - nums))\n",
        "    return oc_num_0 = np.concatenate((np.zeros(n), np.ones(n)))\n",
        "\n",
        "def correl_mat(psi, phi, oc_num)\n",
        "    oc_num = np.diag(oc_num[:n])\n",
        "    return -np.matmul(np.transpose(psi), np.matmul((np.eye(n) - 2*oc_num), phi))\n",
        " \n",
        "def s(i0, j0):\n",
        "    i = min(i0, j0)\n",
        "    j = max(i0, j0)\n",
        "    wick = g[i:j, (i+1):(j+1)]\n",
        "    return np.linalg.det(wick)\n",
        "  \n",
        "def fit_func(x, l):\n",
        "    return np.exp(-x/l)\n",
        " \n",
        "start = 0\n",
        "finish = n\n",
        "# correlations = np.array([s(start, x) for x in range(start, finish)])\n",
        "# corr_direct = np.real_if_close(np.array([s_direct(start, x) for x in range(start, finish)]))\n",
        "# norm = corr_direct[0]\n",
        "# corr_direct = corr_direct / norm\n",
        "dist = np.arange(n)\n",
        "# popt, pcov = curve_fit(fit_func, dist, correlations)\n",
        "# plt.plot(dist, correlations, 'r-', linewidth=2.0)\n",
        "# plt.plot(dist, fit_func(dist, *popt), 'r--', linewidth=2.0)\n",
        "# # plt.plot(dist, ising_correl(dist), 'm-', linewidth=2.0)\n",
        "# # plt.plot(dist, sigma_z_ld(dist), 'b-', linewidth=2.0)\n",
        "# plt.plot(dist, corr_direct, 'g-', linewidth=2.0)\n",
        "# plt.xlabel(\"distance\")\n",
        "# plt.ylabel(\"Corr(dist)\")\n",
        "# plt.legend([\"Correlations\", \"Exp fit\", \"Direct\"])\n",
        "# plt.title(\"H_max / J_max = {}, T = {}, Corr len = {}\".format(np.round(hmax,2), np.round(T,4), np.round(*popt,2)))\n",
        "# plt.grid()\n",
        "# plt.show()\n",
        "dens_evol = integrate(direct_evolution, initial_state_direct(T, Hamiltonian(h1, j1)), time)\n",
        "dens0 = dens_evol[0]\n",
        "# print(dens0)\n",
        "# print(magn_site_direct(dens0, 0, 1))\n",
        "# print(magn_site_direct(dens0, 1, 1))\n",
        "# print(magn_site_direct(dens0, 2, 1))\n",
        "corr_direct_time_space = np.array([[np.real_if_close(s_direct(0, x, dens)) for dens in dens_evol] for x in range(start, finish)])\n",
        "for t in range(len(time)):\n",
        "    plt.plot(dist, corr_direct_time_space[:,t])\n",
        "plt.xlabel(\"distance\")\n",
        "plt.ylabel(\"Corr(dist)\")\n",
        "plt.title(\"Diff. colours corresp. to t from {} to {}\".format(np.round(time[0], 2), np.round(time[-1], 2)))\n",
        "plt.grid()\n",
        "plt.show()\n",
        "\n",
        "for x in range(n):\n",
        "    plt.plot(time, corr_direct_time_space[x,:])\n",
        "plt.xlabel(\"time\")\n",
        "plt.ylabel(\"Corr(time)\")\n",
        "plt.title(\"Diff. colours corresp. to site from 0 to {}\".format(n))\n",
        "plt.grid()\n",
        "plt.show()\n",
        "\n",
        "magn_evol_longt = np.array([np.real_if_close(magn_total_direct(dens, 0)) for dens in dens_evol])\n",
        "plt.plot(time, magn_evol_longt)\n",
        "plt.xlabel(\"time\")\n",
        "plt.ylabel(\"Total x magn-n(t)\")\n",
        "plt.title(\"Total magnetization along h\")\n",
        "plt.grid()\n",
        "plt.show()\n",
        "\n",
        "magn_evol_trans1 = np.array([np.sqrt(abs(magn_site_direct(dens, 0, 1))**2 + abs(magn_site_direct(dens, 1, 1))**2 + abs(magn_site_direct(dens, 2, 1))**2)  for dens in dens_evol])\n",
        "plt.plot(time, magn_evol_trans1)\n",
        "# magn_evol_trans0 = np.array([np.sqrt(abs(magn_site_direct(dens, 0, 0))**2 + abs(magn_site_direct(dens, 1, 0))**2 + abs(magn_site_direct(dens, 2, 0))**2)  for dens in dens_evol])\n",
        "# plt.plot(time, magn_evol_trans0)\n",
        "# plt.yscale('log')\n",
        "plt.xlabel(\"time\")\n",
        "plt.ylabel(\"site length magn-n(t)\")\n",
        "plt.title(\"site len m\")\n",
        "plt.grid()\n",
        "plt.show()\n",
        "\n",
        "magn_evol_trans = np.array([np.real_if_close(magn_total_direct(dens, 2)) for dens in dens_evol])\n",
        "plt.plot(time, magn_evol_trans)\n",
        "# plt.yscale('log')\n",
        "plt.xlabel(\"time\")\n",
        "plt.ylabel(\"Total z magn-n(t)\")\n",
        "plt.title(\"Total magnetization perp h\")\n",
        "plt.grid()\n",
        "plt.show()\n",
        "\n",
        "magn_evol_trans = np.array([np.real_if_close(magn_total_direct(dens, 1)) for dens in dens_evol])\n",
        "plt.plot(time, magn_evol_trans)\n",
        "# plt.yscale('log')\n",
        "plt.xlabel(\"time\")\n",
        "plt.ylabel(\"Total y magn-n(t)\")\n",
        "plt.title(\"Total magnetization perp h\")\n",
        "plt.grid()\n",
        "plt.show()"
      ],
      "execution_count": null,
      "outputs": [
        {
          "output_type": "stream",
          "text": [
            "H = [[ 3.  2.  2. -0.]\n",
            " [ 2. -3. -0.  2.]\n",
            " [ 2. -0. -3.  2.]\n",
            " [-0.  2.  2.  3.]]\n",
            "Eigenvec = \n",
            "[[-3.16227766e-01 -1.29526020e-16 -7.07106781e-01 -6.32455532e-01]\n",
            " [ 6.32455532e-01  7.07106781e-01 -5.19786468e-17 -3.16227766e-01]\n",
            " [ 6.32455532e-01 -7.07106781e-01  1.05030599e-16 -3.16227766e-01]\n",
            " [-3.16227766e-01 -2.22044605e-16  7.07106781e-01 -6.32455532e-01]]\n",
            "H = [[ 3.  2.  2. -0.]\n",
            " [ 2. -3. -0.  2.]\n",
            " [ 2. -0. -3.  2.]\n",
            " [-0.  2.  2.  3.]]\n",
            "Eigenvec = \n",
            "[[-3.16227766e-01 -1.29526020e-16 -7.07106781e-01 -6.32455532e-01]\n",
            " [ 6.32455532e-01  7.07106781e-01 -5.19786468e-17 -3.16227766e-01]\n",
            " [ 6.32455532e-01 -7.07106781e-01  1.05030599e-16 -3.16227766e-01]\n",
            " [-3.16227766e-01 -2.22044605e-16  7.07106781e-01 -6.32455532e-01]]\n",
            "H = [[ 3.  2.  2. -0.]\n",
            " [ 2. -3. -0.  2.]\n",
            " [ 2. -0. -3.  2.]\n",
            " [-0.  2.  2.  3.]]\n",
            "Eigenvec = \n",
            "[[-3.16227766e-01 -1.29526020e-16 -7.07106781e-01 -6.32455532e-01]\n",
            " [ 6.32455532e-01  7.07106781e-01 -5.19786468e-17 -3.16227766e-01]\n",
            " [ 6.32455532e-01 -7.07106781e-01  1.05030599e-16 -3.16227766e-01]\n",
            " [-3.16227766e-01 -2.22044605e-16  7.07106781e-01 -6.32455532e-01]]\n",
            "H = [[ 3.  2.  2. -0.]\n",
            " [ 2. -3. -0.  2.]\n",
            " [ 2. -0. -3.  2.]\n",
            " [-0.  2.  2.  3.]]\n",
            "Eigenvec = \n",
            "[[-3.16227766e-01 -1.29526020e-16 -7.07106781e-01 -6.32455532e-01]\n",
            " [ 6.32455532e-01  7.07106781e-01 -5.19786468e-17 -3.16227766e-01]\n",
            " [ 6.32455532e-01 -7.07106781e-01  1.05030599e-16 -3.16227766e-01]\n",
            " [-3.16227766e-01 -2.22044605e-16  7.07106781e-01 -6.32455532e-01]]\n",
            "H = [[ 3.  2.  2. -0.]\n",
            " [ 2. -3. -0.  2.]\n",
            " [ 2. -0. -3.  2.]\n",
            " [-0.  2.  2.  3.]]\n",
            "Eigenvec = \n",
            "[[-3.16227766e-01 -1.29526020e-16 -7.07106781e-01 -6.32455532e-01]\n",
            " [ 6.32455532e-01  7.07106781e-01 -5.19786468e-17 -3.16227766e-01]\n",
            " [ 6.32455532e-01 -7.07106781e-01  1.05030599e-16 -3.16227766e-01]\n",
            " [-3.16227766e-01 -2.22044605e-16  7.07106781e-01 -6.32455532e-01]]\n",
            "H = [[ 3.  2.  2. -0.]\n",
            " [ 2. -3. -0.  2.]\n",
            " [ 2. -0. -3.  2.]\n",
            " [-0.  2.  2.  3.]]\n",
            "Eigenvec = \n",
            "[[-3.16227766e-01 -1.29526020e-16 -7.07106781e-01 -6.32455532e-01]\n",
            " [ 6.32455532e-01  7.07106781e-01 -5.19786468e-17 -3.16227766e-01]\n",
            " [ 6.32455532e-01 -7.07106781e-01  1.05030599e-16 -3.16227766e-01]\n",
            " [-3.16227766e-01 -2.22044605e-16  7.07106781e-01 -6.32455532e-01]]\n",
            "H = [[ 3.  2.  2. -0.]\n",
            " [ 2. -3. -0.  2.]\n",
            " [ 2. -0. -3.  2.]\n",
            " [-0.  2.  2.  3.]]\n",
            "Eigenvec = \n",
            "[[-3.16227766e-01 -1.29526020e-16 -7.07106781e-01 -6.32455532e-01]\n",
            " [ 6.32455532e-01  7.07106781e-01 -5.19786468e-17 -3.16227766e-01]\n",
            " [ 6.32455532e-01 -7.07106781e-01  1.05030599e-16 -3.16227766e-01]\n",
            " [-3.16227766e-01 -2.22044605e-16  7.07106781e-01 -6.32455532e-01]]\n",
            "H = [[ 3.  2.  2. -0.]\n",
            " [ 2. -3. -0.  2.]\n",
            " [ 2. -0. -3.  2.]\n",
            " [-0.  2.  2.  3.]]\n",
            "Eigenvec = \n",
            "[[-3.16227766e-01 -1.29526020e-16 -7.07106781e-01 -6.32455532e-01]\n",
            " [ 6.32455532e-01  7.07106781e-01 -5.19786468e-17 -3.16227766e-01]\n",
            " [ 6.32455532e-01 -7.07106781e-01  1.05030599e-16 -3.16227766e-01]\n",
            " [-3.16227766e-01 -2.22044605e-16  7.07106781e-01 -6.32455532e-01]]\n",
            "H = [[ 3.  2.  2. -0.]\n",
            " [ 2. -3. -0.  2.]\n",
            " [ 2. -0. -3.  2.]\n",
            " [-0.  2.  2.  3.]]\n",
            "Eigenvec = \n",
            "[[-3.16227766e-01 -1.29526020e-16 -7.07106781e-01 -6.32455532e-01]\n",
            " [ 6.32455532e-01  7.07106781e-01 -5.19786468e-17 -3.16227766e-01]\n",
            " [ 6.32455532e-01 -7.07106781e-01  1.05030599e-16 -3.16227766e-01]\n",
            " [-3.16227766e-01 -2.22044605e-16  7.07106781e-01 -6.32455532e-01]]\n",
            "H = [[ 3.  2.  2. -0.]\n",
            " [ 2. -3. -0.  2.]\n",
            " [ 2. -0. -3.  2.]\n",
            " [-0.  2.  2.  3.]]\n",
            "Eigenvec = \n",
            "[[-3.16227766e-01 -1.29526020e-16 -7.07106781e-01 -6.32455532e-01]\n",
            " [ 6.32455532e-01  7.07106781e-01 -5.19786468e-17 -3.16227766e-01]\n",
            " [ 6.32455532e-01 -7.07106781e-01  1.05030599e-16 -3.16227766e-01]\n",
            " [-3.16227766e-01 -2.22044605e-16  7.07106781e-01 -6.32455532e-01]]\n",
            "H = [[ 3.  2.  2. -0.]\n",
            " [ 2. -3. -0.  2.]\n",
            " [ 2. -0. -3.  2.]\n",
            " [-0.  2.  2.  3.]]\n",
            "Eigenvec = \n",
            "[[-3.16227766e-01 -1.29526020e-16 -7.07106781e-01 -6.32455532e-01]\n",
            " [ 6.32455532e-01  7.07106781e-01 -5.19786468e-17 -3.16227766e-01]\n",
            " [ 6.32455532e-01 -7.07106781e-01  1.05030599e-16 -3.16227766e-01]\n",
            " [-3.16227766e-01 -2.22044605e-16  7.07106781e-01 -6.32455532e-01]]\n",
            "H = [[ 3.  2.  2. -0.]\n",
            " [ 2. -3. -0.  2.]\n",
            " [ 2. -0. -3.  2.]\n",
            " [-0.  2.  2.  3.]]\n",
            "Eigenvec = \n",
            "[[-3.16227766e-01 -1.29526020e-16 -7.07106781e-01 -6.32455532e-01]\n",
            " [ 6.32455532e-01  7.07106781e-01 -5.19786468e-17 -3.16227766e-01]\n",
            " [ 6.32455532e-01 -7.07106781e-01  1.05030599e-16 -3.16227766e-01]\n",
            " [-3.16227766e-01 -2.22044605e-16  7.07106781e-01 -6.32455532e-01]]\n",
            "H = [[ 3.  2.  2. -0.]\n",
            " [ 2. -3. -0.  2.]\n",
            " [ 2. -0. -3.  2.]\n",
            " [-0.  2.  2.  3.]]\n",
            "Eigenvec = \n",
            "[[-3.16227766e-01 -1.29526020e-16 -7.07106781e-01 -6.32455532e-01]\n",
            " [ 6.32455532e-01  7.07106781e-01 -5.19786468e-17 -3.16227766e-01]\n",
            " [ 6.32455532e-01 -7.07106781e-01  1.05030599e-16 -3.16227766e-01]\n",
            " [-3.16227766e-01 -2.22044605e-16  7.07106781e-01 -6.32455532e-01]]\n",
            "H = [[ 3.  2.  2. -0.]\n",
            " [ 2. -3. -0.  2.]\n",
            " [ 2. -0. -3.  2.]\n",
            " [-0.  2.  2.  3.]]\n",
            "Eigenvec = \n",
            "[[-3.16227766e-01 -1.29526020e-16 -7.07106781e-01 -6.32455532e-01]\n",
            " [ 6.32455532e-01  7.07106781e-01 -5.19786468e-17 -3.16227766e-01]\n",
            " [ 6.32455532e-01 -7.07106781e-01  1.05030599e-16 -3.16227766e-01]\n",
            " [-3.16227766e-01 -2.22044605e-16  7.07106781e-01 -6.32455532e-01]]\n",
            "H = [[ 3.  2.  2. -0.]\n",
            " [ 2. -3. -0.  2.]\n",
            " [ 2. -0. -3.  2.]\n",
            " [-0.  2.  2.  3.]]\n",
            "Eigenvec = \n",
            "[[-3.16227766e-01 -1.29526020e-16 -7.07106781e-01 -6.32455532e-01]\n",
            " [ 6.32455532e-01  7.07106781e-01 -5.19786468e-17 -3.16227766e-01]\n",
            " [ 6.32455532e-01 -7.07106781e-01  1.05030599e-16 -3.16227766e-01]\n",
            " [-3.16227766e-01 -2.22044605e-16  7.07106781e-01 -6.32455532e-01]]\n",
            "H = [[ 3.  2.  2. -0.]\n",
            " [ 2. -3. -0.  2.]\n",
            " [ 2. -0. -3.  2.]\n",
            " [-0.  2.  2.  3.]]\n",
            "Eigenvec = \n",
            "[[-3.16227766e-01 -1.29526020e-16 -7.07106781e-01 -6.32455532e-01]\n",
            " [ 6.32455532e-01  7.07106781e-01 -5.19786468e-17 -3.16227766e-01]\n",
            " [ 6.32455532e-01 -7.07106781e-01  1.05030599e-16 -3.16227766e-01]\n",
            " [-3.16227766e-01 -2.22044605e-16  7.07106781e-01 -6.32455532e-01]]\n",
            "H = [[ 3.  2.  2. -0.]\n",
            " [ 2. -3. -0.  2.]\n",
            " [ 2. -0. -3.  2.]\n",
            " [-0.  2.  2.  3.]]\n",
            "Eigenvec = \n",
            "[[-3.16227766e-01 -1.29526020e-16 -7.07106781e-01 -6.32455532e-01]\n",
            " [ 6.32455532e-01  7.07106781e-01 -5.19786468e-17 -3.16227766e-01]\n",
            " [ 6.32455532e-01 -7.07106781e-01  1.05030599e-16 -3.16227766e-01]\n",
            " [-3.16227766e-01 -2.22044605e-16  7.07106781e-01 -6.32455532e-01]]\n",
            "H = [[ 3.  2.  2. -0.]\n",
            " [ 2. -3. -0.  2.]\n",
            " [ 2. -0. -3.  2.]\n",
            " [-0.  2.  2.  3.]]\n",
            "Eigenvec = \n",
            "[[-3.16227766e-01 -1.29526020e-16 -7.07106781e-01 -6.32455532e-01]\n",
            " [ 6.32455532e-01  7.07106781e-01 -5.19786468e-17 -3.16227766e-01]\n",
            " [ 6.32455532e-01 -7.07106781e-01  1.05030599e-16 -3.16227766e-01]\n",
            " [-3.16227766e-01 -2.22044605e-16  7.07106781e-01 -6.32455532e-01]]\n",
            "H = [[ 3.  2.  2. -0.]\n",
            " [ 2. -3. -0.  2.]\n",
            " [ 2. -0. -3.  2.]\n",
            " [-0.  2.  2.  3.]]\n",
            "Eigenvec = \n",
            "[[-3.16227766e-01 -1.29526020e-16 -7.07106781e-01 -6.32455532e-01]\n",
            " [ 6.32455532e-01  7.07106781e-01 -5.19786468e-17 -3.16227766e-01]\n",
            " [ 6.32455532e-01 -7.07106781e-01  1.05030599e-16 -3.16227766e-01]\n",
            " [-3.16227766e-01 -2.22044605e-16  7.07106781e-01 -6.32455532e-01]]\n",
            "H = [[ 3.  2.  2. -0.]\n",
            " [ 2. -3. -0.  2.]\n",
            " [ 2. -0. -3.  2.]\n",
            " [-0.  2.  2.  3.]]\n",
            "Eigenvec = \n",
            "[[-3.16227766e-01 -1.29526020e-16 -7.07106781e-01 -6.32455532e-01]\n",
            " [ 6.32455532e-01  7.07106781e-01 -5.19786468e-17 -3.16227766e-01]\n",
            " [ 6.32455532e-01 -7.07106781e-01  1.05030599e-16 -3.16227766e-01]\n",
            " [-3.16227766e-01 -2.22044605e-16  7.07106781e-01 -6.32455532e-01]]\n",
            "H = [[ 3.  2.  2. -0.]\n",
            " [ 2. -3. -0.  2.]\n",
            " [ 2. -0. -3.  2.]\n",
            " [-0.  2.  2.  3.]]\n",
            "Eigenvec = \n",
            "[[-3.16227766e-01 -1.29526020e-16 -7.07106781e-01 -6.32455532e-01]\n",
            " [ 6.32455532e-01  7.07106781e-01 -5.19786468e-17 -3.16227766e-01]\n",
            " [ 6.32455532e-01 -7.07106781e-01  1.05030599e-16 -3.16227766e-01]\n",
            " [-3.16227766e-01 -2.22044605e-16  7.07106781e-01 -6.32455532e-01]]\n",
            "H = [[ 3.  2.  2. -0.]\n",
            " [ 2. -3. -0.  2.]\n",
            " [ 2. -0. -3.  2.]\n",
            " [-0.  2.  2.  3.]]\n",
            "Eigenvec = \n",
            "[[-3.16227766e-01 -1.29526020e-16 -7.07106781e-01 -6.32455532e-01]\n",
            " [ 6.32455532e-01  7.07106781e-01 -5.19786468e-17 -3.16227766e-01]\n",
            " [ 6.32455532e-01 -7.07106781e-01  1.05030599e-16 -3.16227766e-01]\n",
            " [-3.16227766e-01 -2.22044605e-16  7.07106781e-01 -6.32455532e-01]]\n",
            "H = [[ 3.  2.  2. -0.]\n",
            " [ 2. -3. -0.  2.]\n",
            " [ 2. -0. -3.  2.]\n",
            " [-0.  2.  2.  3.]]\n",
            "Eigenvec = \n",
            "[[-3.16227766e-01 -1.29526020e-16 -7.07106781e-01 -6.32455532e-01]\n",
            " [ 6.32455532e-01  7.07106781e-01 -5.19786468e-17 -3.16227766e-01]\n",
            " [ 6.32455532e-01 -7.07106781e-01  1.05030599e-16 -3.16227766e-01]\n",
            " [-3.16227766e-01 -2.22044605e-16  7.07106781e-01 -6.32455532e-01]]\n",
            "H = [[ 3.  2.  2. -0.]\n",
            " [ 2. -3. -0.  2.]\n",
            " [ 2. -0. -3.  2.]\n",
            " [-0.  2.  2.  3.]]\n",
            "Eigenvec = \n",
            "[[-3.16227766e-01 -1.29526020e-16 -7.07106781e-01 -6.32455532e-01]\n",
            " [ 6.32455532e-01  7.07106781e-01 -5.19786468e-17 -3.16227766e-01]\n",
            " [ 6.32455532e-01 -7.07106781e-01  1.05030599e-16 -3.16227766e-01]\n",
            " [-3.16227766e-01 -2.22044605e-16  7.07106781e-01 -6.32455532e-01]]\n",
            "H = [[ 3.  2.  2. -0.]\n",
            " [ 2. -3. -0.  2.]\n",
            " [ 2. -0. -3.  2.]\n",
            " [-0.  2.  2.  3.]]\n",
            "Eigenvec = \n",
            "[[-3.16227766e-01 -1.29526020e-16 -7.07106781e-01 -6.32455532e-01]\n",
            " [ 6.32455532e-01  7.07106781e-01 -5.19786468e-17 -3.16227766e-01]\n",
            " [ 6.32455532e-01 -7.07106781e-01  1.05030599e-16 -3.16227766e-01]\n",
            " [-3.16227766e-01 -2.22044605e-16  7.07106781e-01 -6.32455532e-01]]\n",
            "H = [[ 3.  2.  2. -0.]\n",
            " [ 2. -3. -0.  2.]\n",
            " [ 2. -0. -3.  2.]\n",
            " [-0.  2.  2.  3.]]\n",
            "Eigenvec = \n",
            "[[-3.16227766e-01 -1.29526020e-16 -7.07106781e-01 -6.32455532e-01]\n",
            " [ 6.32455532e-01  7.07106781e-01 -5.19786468e-17 -3.16227766e-01]\n",
            " [ 6.32455532e-01 -7.07106781e-01  1.05030599e-16 -3.16227766e-01]\n",
            " [-3.16227766e-01 -2.22044605e-16  7.07106781e-01 -6.32455532e-01]]\n",
            "H = [[ 3.  2.  2. -0.]\n",
            " [ 2. -3. -0.  2.]\n",
            " [ 2. -0. -3.  2.]\n",
            " [-0.  2.  2.  3.]]\n",
            "Eigenvec = \n",
            "[[-3.16227766e-01 -1.29526020e-16 -7.07106781e-01 -6.32455532e-01]\n",
            " [ 6.32455532e-01  7.07106781e-01 -5.19786468e-17 -3.16227766e-01]\n",
            " [ 6.32455532e-01 -7.07106781e-01  1.05030599e-16 -3.16227766e-01]\n",
            " [-3.16227766e-01 -2.22044605e-16  7.07106781e-01 -6.32455532e-01]]\n",
            "H = [[ 3.  2.  2. -0.]\n",
            " [ 2. -3. -0.  2.]\n",
            " [ 2. -0. -3.  2.]\n",
            " [-0.  2.  2.  3.]]\n",
            "Eigenvec = \n",
            "[[-3.16227766e-01 -1.29526020e-16 -7.07106781e-01 -6.32455532e-01]\n",
            " [ 6.32455532e-01  7.07106781e-01 -5.19786468e-17 -3.16227766e-01]\n",
            " [ 6.32455532e-01 -7.07106781e-01  1.05030599e-16 -3.16227766e-01]\n",
            " [-3.16227766e-01 -2.22044605e-16  7.07106781e-01 -6.32455532e-01]]\n",
            "H = [[ 3.  2.  2. -0.]\n",
            " [ 2. -3. -0.  2.]\n",
            " [ 2. -0. -3.  2.]\n",
            " [-0.  2.  2.  3.]]\n",
            "Eigenvec = \n",
            "[[-3.16227766e-01 -1.29526020e-16 -7.07106781e-01 -6.32455532e-01]\n",
            " [ 6.32455532e-01  7.07106781e-01 -5.19786468e-17 -3.16227766e-01]\n",
            " [ 6.32455532e-01 -7.07106781e-01  1.05030599e-16 -3.16227766e-01]\n",
            " [-3.16227766e-01 -2.22044605e-16  7.07106781e-01 -6.32455532e-01]]\n",
            "H = [[ 3.  2.  2. -0.]\n",
            " [ 2. -3. -0.  2.]\n",
            " [ 2. -0. -3.  2.]\n",
            " [-0.  2.  2.  3.]]\n",
            "Eigenvec = \n",
            "[[-3.16227766e-01 -1.29526020e-16 -7.07106781e-01 -6.32455532e-01]\n",
            " [ 6.32455532e-01  7.07106781e-01 -5.19786468e-17 -3.16227766e-01]\n",
            " [ 6.32455532e-01 -7.07106781e-01  1.05030599e-16 -3.16227766e-01]\n",
            " [-3.16227766e-01 -2.22044605e-16  7.07106781e-01 -6.32455532e-01]]\n",
            "H = [[ 3.  2.  2. -0.]\n",
            " [ 2. -3. -0.  2.]\n",
            " [ 2. -0. -3.  2.]\n",
            " [-0.  2.  2.  3.]]\n",
            "Eigenvec = \n",
            "[[-3.16227766e-01 -1.29526020e-16 -7.07106781e-01 -6.32455532e-01]\n",
            " [ 6.32455532e-01  7.07106781e-01 -5.19786468e-17 -3.16227766e-01]\n",
            " [ 6.32455532e-01 -7.07106781e-01  1.05030599e-16 -3.16227766e-01]\n",
            " [-3.16227766e-01 -2.22044605e-16  7.07106781e-01 -6.32455532e-01]]\n",
            "H = [[ 3.  2.  2. -0.]\n",
            " [ 2. -3. -0.  2.]\n",
            " [ 2. -0. -3.  2.]\n",
            " [-0.  2.  2.  3.]]\n",
            "Eigenvec = \n",
            "[[-3.16227766e-01 -1.29526020e-16 -7.07106781e-01 -6.32455532e-01]\n",
            " [ 6.32455532e-01  7.07106781e-01 -5.19786468e-17 -3.16227766e-01]\n",
            " [ 6.32455532e-01 -7.07106781e-01  1.05030599e-16 -3.16227766e-01]\n",
            " [-3.16227766e-01 -2.22044605e-16  7.07106781e-01 -6.32455532e-01]]\n",
            "H = [[ 3.  2.  2. -0.]\n",
            " [ 2. -3. -0.  2.]\n",
            " [ 2. -0. -3.  2.]\n",
            " [-0.  2.  2.  3.]]\n",
            "Eigenvec = \n",
            "[[-3.16227766e-01 -1.29526020e-16 -7.07106781e-01 -6.32455532e-01]\n",
            " [ 6.32455532e-01  7.07106781e-01 -5.19786468e-17 -3.16227766e-01]\n",
            " [ 6.32455532e-01 -7.07106781e-01  1.05030599e-16 -3.16227766e-01]\n",
            " [-3.16227766e-01 -2.22044605e-16  7.07106781e-01 -6.32455532e-01]]\n",
            "H = [[ 3.  2.  2. -0.]\n",
            " [ 2. -3. -0.  2.]\n",
            " [ 2. -0. -3.  2.]\n",
            " [-0.  2.  2.  3.]]\n",
            "Eigenvec = \n",
            "[[-3.16227766e-01 -1.29526020e-16 -7.07106781e-01 -6.32455532e-01]\n",
            " [ 6.32455532e-01  7.07106781e-01 -5.19786468e-17 -3.16227766e-01]\n",
            " [ 6.32455532e-01 -7.07106781e-01  1.05030599e-16 -3.16227766e-01]\n",
            " [-3.16227766e-01 -2.22044605e-16  7.07106781e-01 -6.32455532e-01]]\n",
            "H = [[ 3.  2.  2. -0.]\n",
            " [ 2. -3. -0.  2.]\n",
            " [ 2. -0. -3.  2.]\n",
            " [-0.  2.  2.  3.]]\n",
            "Eigenvec = \n",
            "[[-3.16227766e-01 -1.29526020e-16 -7.07106781e-01 -6.32455532e-01]\n",
            " [ 6.32455532e-01  7.07106781e-01 -5.19786468e-17 -3.16227766e-01]\n",
            " [ 6.32455532e-01 -7.07106781e-01  1.05030599e-16 -3.16227766e-01]\n",
            " [-3.16227766e-01 -2.22044605e-16  7.07106781e-01 -6.32455532e-01]]\n",
            "H = [[ 3.  2.  2. -0.]\n",
            " [ 2. -3. -0.  2.]\n",
            " [ 2. -0. -3.  2.]\n",
            " [-0.  2.  2.  3.]]\n",
            "Eigenvec = \n",
            "[[-3.16227766e-01 -1.29526020e-16 -7.07106781e-01 -6.32455532e-01]\n",
            " [ 6.32455532e-01  7.07106781e-01 -5.19786468e-17 -3.16227766e-01]\n",
            " [ 6.32455532e-01 -7.07106781e-01  1.05030599e-16 -3.16227766e-01]\n",
            " [-3.16227766e-01 -2.22044605e-16  7.07106781e-01 -6.32455532e-01]]\n",
            "H = [[ 3.  2.  2. -0.]\n",
            " [ 2. -3. -0.  2.]\n",
            " [ 2. -0. -3.  2.]\n",
            " [-0.  2.  2.  3.]]\n",
            "Eigenvec = \n",
            "[[-3.16227766e-01 -1.29526020e-16 -7.07106781e-01 -6.32455532e-01]\n",
            " [ 6.32455532e-01  7.07106781e-01 -5.19786468e-17 -3.16227766e-01]\n",
            " [ 6.32455532e-01 -7.07106781e-01  1.05030599e-16 -3.16227766e-01]\n",
            " [-3.16227766e-01 -2.22044605e-16  7.07106781e-01 -6.32455532e-01]]\n",
            "H = [[ 3.  2.  2. -0.]\n",
            " [ 2. -3. -0.  2.]\n",
            " [ 2. -0. -3.  2.]\n",
            " [-0.  2.  2.  3.]]\n",
            "Eigenvec = \n",
            "[[-3.16227766e-01 -1.29526020e-16 -7.07106781e-01 -6.32455532e-01]\n",
            " [ 6.32455532e-01  7.07106781e-01 -5.19786468e-17 -3.16227766e-01]\n",
            " [ 6.32455532e-01 -7.07106781e-01  1.05030599e-16 -3.16227766e-01]\n",
            " [-3.16227766e-01 -2.22044605e-16  7.07106781e-01 -6.32455532e-01]]\n",
            "H = [[ 3.  2.  2. -0.]\n",
            " [ 2. -3. -0.  2.]\n",
            " [ 2. -0. -3.  2.]\n",
            " [-0.  2.  2.  3.]]\n",
            "Eigenvec = \n",
            "[[-3.16227766e-01 -1.29526020e-16 -7.07106781e-01 -6.32455532e-01]\n",
            " [ 6.32455532e-01  7.07106781e-01 -5.19786468e-17 -3.16227766e-01]\n",
            " [ 6.32455532e-01 -7.07106781e-01  1.05030599e-16 -3.16227766e-01]\n",
            " [-3.16227766e-01 -2.22044605e-16  7.07106781e-01 -6.32455532e-01]]\n",
            "H = [[ 3.  2.  2. -0.]\n",
            " [ 2. -3. -0.  2.]\n",
            " [ 2. -0. -3.  2.]\n",
            " [-0.  2.  2.  3.]]\n",
            "Eigenvec = \n",
            "[[-3.16227766e-01 -1.29526020e-16 -7.07106781e-01 -6.32455532e-01]\n",
            " [ 6.32455532e-01  7.07106781e-01 -5.19786468e-17 -3.16227766e-01]\n",
            " [ 6.32455532e-01 -7.07106781e-01  1.05030599e-16 -3.16227766e-01]\n",
            " [-3.16227766e-01 -2.22044605e-16  7.07106781e-01 -6.32455532e-01]]\n",
            "H = [[ 3.  2.  2. -0.]\n",
            " [ 2. -3. -0.  2.]\n",
            " [ 2. -0. -3.  2.]\n",
            " [-0.  2.  2.  3.]]\n",
            "Eigenvec = \n",
            "[[-3.16227766e-01 -1.29526020e-16 -7.07106781e-01 -6.32455532e-01]\n",
            " [ 6.32455532e-01  7.07106781e-01 -5.19786468e-17 -3.16227766e-01]\n",
            " [ 6.32455532e-01 -7.07106781e-01  1.05030599e-16 -3.16227766e-01]\n",
            " [-3.16227766e-01 -2.22044605e-16  7.07106781e-01 -6.32455532e-01]]\n",
            "H = [[ 3.  2.  2. -0.]\n",
            " [ 2. -3. -0.  2.]\n",
            " [ 2. -0. -3.  2.]\n",
            " [-0.  2.  2.  3.]]\n",
            "Eigenvec = \n",
            "[[-3.16227766e-01 -1.29526020e-16 -7.07106781e-01 -6.32455532e-01]\n",
            " [ 6.32455532e-01  7.07106781e-01 -5.19786468e-17 -3.16227766e-01]\n",
            " [ 6.32455532e-01 -7.07106781e-01  1.05030599e-16 -3.16227766e-01]\n",
            " [-3.16227766e-01 -2.22044605e-16  7.07106781e-01 -6.32455532e-01]]\n",
            "H = [[ 3.  2.  2. -0.]\n",
            " [ 2. -3. -0.  2.]\n",
            " [ 2. -0. -3.  2.]\n",
            " [-0.  2.  2.  3.]]\n",
            "Eigenvec = \n",
            "[[-3.16227766e-01 -1.29526020e-16 -7.07106781e-01 -6.32455532e-01]\n",
            " [ 6.32455532e-01  7.07106781e-01 -5.19786468e-17 -3.16227766e-01]\n",
            " [ 6.32455532e-01 -7.07106781e-01  1.05030599e-16 -3.16227766e-01]\n",
            " [-3.16227766e-01 -2.22044605e-16  7.07106781e-01 -6.32455532e-01]]\n",
            "H = [[ 3.  2.  2. -0.]\n",
            " [ 2. -3. -0.  2.]\n",
            " [ 2. -0. -3.  2.]\n",
            " [-0.  2.  2.  3.]]\n",
            "Eigenvec = \n",
            "[[-3.16227766e-01 -1.29526020e-16 -7.07106781e-01 -6.32455532e-01]\n",
            " [ 6.32455532e-01  7.07106781e-01 -5.19786468e-17 -3.16227766e-01]\n",
            " [ 6.32455532e-01 -7.07106781e-01  1.05030599e-16 -3.16227766e-01]\n",
            " [-3.16227766e-01 -2.22044605e-16  7.07106781e-01 -6.32455532e-01]]\n",
            "H = [[ 3.  2.  2. -0.]\n",
            " [ 2. -3. -0.  2.]\n",
            " [ 2. -0. -3.  2.]\n",
            " [-0.  2.  2.  3.]]\n",
            "Eigenvec = \n",
            "[[-3.16227766e-01 -1.29526020e-16 -7.07106781e-01 -6.32455532e-01]\n",
            " [ 6.32455532e-01  7.07106781e-01 -5.19786468e-17 -3.16227766e-01]\n",
            " [ 6.32455532e-01 -7.07106781e-01  1.05030599e-16 -3.16227766e-01]\n",
            " [-3.16227766e-01 -2.22044605e-16  7.07106781e-01 -6.32455532e-01]]\n",
            "H = [[ 3.  2.  2. -0.]\n",
            " [ 2. -3. -0.  2.]\n",
            " [ 2. -0. -3.  2.]\n",
            " [-0.  2.  2.  3.]]\n",
            "Eigenvec = \n",
            "[[-3.16227766e-01 -1.29526020e-16 -7.07106781e-01 -6.32455532e-01]\n",
            " [ 6.32455532e-01  7.07106781e-01 -5.19786468e-17 -3.16227766e-01]\n",
            " [ 6.32455532e-01 -7.07106781e-01  1.05030599e-16 -3.16227766e-01]\n",
            " [-3.16227766e-01 -2.22044605e-16  7.07106781e-01 -6.32455532e-01]]\n",
            "H = [[ 3.  2.  2. -0.]\n",
            " [ 2. -3. -0.  2.]\n",
            " [ 2. -0. -3.  2.]\n",
            " [-0.  2.  2.  3.]]\n",
            "Eigenvec = \n",
            "[[-3.16227766e-01 -1.29526020e-16 -7.07106781e-01 -6.32455532e-01]\n",
            " [ 6.32455532e-01  7.07106781e-01 -5.19786468e-17 -3.16227766e-01]\n",
            " [ 6.32455532e-01 -7.07106781e-01  1.05030599e-16 -3.16227766e-01]\n",
            " [-3.16227766e-01 -2.22044605e-16  7.07106781e-01 -6.32455532e-01]]\n",
            "H = [[ 3.  2.  2. -0.]\n",
            " [ 2. -3. -0.  2.]\n",
            " [ 2. -0. -3.  2.]\n",
            " [-0.  2.  2.  3.]]\n",
            "Eigenvec = \n",
            "[[-3.16227766e-01 -1.29526020e-16 -7.07106781e-01 -6.32455532e-01]\n",
            " [ 6.32455532e-01  7.07106781e-01 -5.19786468e-17 -3.16227766e-01]\n",
            " [ 6.32455532e-01 -7.07106781e-01  1.05030599e-16 -3.16227766e-01]\n",
            " [-3.16227766e-01 -2.22044605e-16  7.07106781e-01 -6.32455532e-01]]\n",
            "H = [[ 3.  2.  2. -0.]\n",
            " [ 2. -3. -0.  2.]\n",
            " [ 2. -0. -3.  2.]\n",
            " [-0.  2.  2.  3.]]\n",
            "Eigenvec = \n",
            "[[-3.16227766e-01 -1.29526020e-16 -7.07106781e-01 -6.32455532e-01]\n",
            " [ 6.32455532e-01  7.07106781e-01 -5.19786468e-17 -3.16227766e-01]\n",
            " [ 6.32455532e-01 -7.07106781e-01  1.05030599e-16 -3.16227766e-01]\n",
            " [-3.16227766e-01 -2.22044605e-16  7.07106781e-01 -6.32455532e-01]]\n",
            "H = [[ 3.  2.  2. -0.]\n",
            " [ 2. -3. -0.  2.]\n",
            " [ 2. -0. -3.  2.]\n",
            " [-0.  2.  2.  3.]]\n",
            "Eigenvec = \n",
